201
202
203
284
570
571
572
573
574
575
576
577
578
707
1341
1342
1343
1344
1345
1346
1347
1348
1349
1350
1351
1352
1353
1355
1356
1546
2665
2666
2667
2668
2669
2671
2947
2948
2949
2952
2953
2954
2955
2956
2957
2958
2959
2960
2961
2962
2963
4945
4946
4986
5322
5323
5325
5326
5327
5328
5329
5330
5331
5332
5333
5334
5335
5336
5337
7235
7236
7237
7238
7239
7240
7241
7242
7243
7244
7245
7246
7247
7248
7249
7250
7251
7252
7253
7254
7255
7333
7335
7790
7791
7817
9631
9632
9633
9634
9635
9636
9637
9638
9639
9640
9641
9642
9643
9644
9645
9646
9647
9648
9649
9650
9651
9652
9653
9654
9655
9656
9657
9658
9659
9660
9661
9662
9663
9664
9665
9666
9667
9668
9669
9670
9671
9672
9673
9674
9675
9676
9677
9678
9679
9680
9737
9739
9740
9741
10174
10255
12112
12113
12114
12115
12116
12117
12118
12119
12120
12121
12122
12123
12124
12125
12126
12127
12128
12129
12130
12131
12132
12133
12134
12135
12136
12137
12138
12139
12204
12205
12613
12614
12615
12616
12617
12618
12619
12620
12621
13985
13986
13987
13988
13989
13990
13991
13992
13993
13994
13995
13996
13997
13998
13999
14000
14001
14002
14051
14052
14607
14608
14609
14610
14611
14612
14613
14614
14615
14616
14617
14618
14619
14620
14621
14622
14623
14624
14625
14626
14627
14628
14629
14630
14631
14632
14633
14634
16039
16040
16041
16042
16043
16044
16045
16046
16047
16048
16049
16060
16061
16062
16606
16607
16608
16609
16610
16611
16612
16613
16614
16615
16616
16617
16618
16619
17917
17918
17919
17920
17921
17923
17924
17925
17926
17927
17928
17929
17930
17931
17932
17933
17934
17935
17936
17937
17938
17939
17940
17948
18419
18420
18439
18440
18441
19234
19236
19237
19238
19239
19240
19241
19242
19243
19244
19245
19246
19247
19248
19249
19250
19251
19252
19253
19254
19255
19256
19257
19258
19259
19260
19261
19262
19263
19264
19265
19266
19267
19268
19269
19270
19271
19280
19627
19628
19629
19630
19631
19632
20368
20369
20370
20371
20372
20373
20374
20375
20376
20377
20378
20379
20380
20381
20382
20383
20384
20385
20386
20387
20388
20389
20390
20391
20392
20393
20394
20395
20396
20408
20409
20410
20411
20412
20413
20414
20415
20416
20691
20692
20695
20696
20697
20698
20699
20700
20701
20702
20703
20704
20705
20706
20707
20708
20709
20710
20711
20712
20713
21362
21406
21407
21408
21409
21410
21411
21428
21429
21430
21431
21432
21433
21434
21435
21436
21437
21438
21439
21440
21441
21442
21443
21444
21445
21448
21449
21817
21818
21819
21820
21821
21822
21823
21824
21825
21826
21827
21828
21829
21830
21831
21832
21833
21834
21835
21836
21837
21838
21839
21840
21841
21842
21843
21844
21845
21846
21847
21848
21849
21850
21851
21852
21853
22283
22284
22332
22333
22334
22335
22336
22337
22338
22339
22340
22341
22342
22343
22344
22345
22347
22348
22349
22350
22351
22754
22755
22756
22757
22758
22759
22760
22761
22762
22763
22764
22765
22766
22767
22768
22769
22770
22771
22772
22773
22774
22775
22776
22777
22778
22779
22780
22781
22782
22783
22784
23095
23113
23169
23170
23171
23172
23173
23174
23175
23415
23418
23419
23420
23421
23422
23668
23680
23681
23682
23683
23684
23685
23686
23743
23744
23745
23746
23747
24055
24056
24057
24058
24059
24060
24061
24070
24071
24072
24073
24074
24075
24076
24094
24095
24097
24098
24099
24187
24314
24315
24316
24317
24318
24319
24320
24321
24322
24323
24324
24325
24326
24329
24338
24410
24412
24413
24414
24415
24416
24417
24418
24433
24434
24488
24489
24490
24491
24492
24493
24494
24495
24496
24551
24552
24553
24555
24556
24557
24558
24559
24560
24561
24564
24565
24566
24567
24568
24569
24570
24571
24592
24593
24594
24595
24596
24597
24598
24600
24602
24603
24604
24606
24627
24648
24649
24650
24651
24652
24653
24654
24655
24656
24657
24658
24659
24660
24672
24673
24680
24681
24682
24683
24684
24685
24686
24688
24714
24715
24716
24717
24727
24728
24729
24730
24731
24732
24733
24734
24735
24736
24737
24738
24739
24740
24747
24748
24759
24760
24761
24762
24763
24764
24765
24766
24799
24800
24802
24803
24804
24805
24806
24807
24808
24809
24810
24811
24812
24815
24822
24823
24824
24825
24826
24827
24828
24829
24830
24831
24832
24833
24856
24857
24858
24866
24867
24868
24869
24870
24871
24872
24873
24874
24875
24886
24887
24888
24899
24900
24908
24909
24916
24918
24919
24920
24922
24923
24924
24925
24926
24927
24928
24929
24930
24931
24932
24933
24934
24935
24936
24937
24938
24939
24940
24941
24942
24943
24944
24945
24946
24947
24948
24949
24950
24951
24952
24953
24954
24955
24956
24957
24958
24959
24960
24961
24962
24963
24964
24965
24966
24967
24968
24969
24970
24971
24972
24973
24974
24975
24976
24977
24978
24979
24980
24981
24982
24983
24984
24985
24986
24987
24988
24989
24990
24991
24992
24993
24994
24995
24996
24997
24998
24999
25000
